   0.0000 0.0000e+00 0.0000e+00 0.0000e+00 0.0000e+00 0.0000e+00 0.0000e+00 0.0000e+00
   0.2500 4.2253e+06 2.5005e+06 6.2025e+06 2.6426e+06 6.0112e+06 3.5397e+06 5.0738e+06
   0.5000 7.9880e+06 4.7299e+06 1.1725e+07 4.9981e+06 1.1366e+07 6.6935e+06 9.5880e+06
   0.7500 1.0946e+07 6.4908e+06 1.6071e+07 6.8572e+06 1.5579e+07 9.1764e+06 1.3135e+07
   1.0000 1.2938e+07 7.6966e+06 1.8983e+07 8.1280e+06 1.8410e+07 1.0855e+07 1.5505e+07
   1.2500 1.3966e+07 8.3631e+06 2.0491e+07 8.8226e+06 1.9884e+07 1.1744e+07 1.6715e+07
   1.5000 1.4172e+07 8.5537e+06 2.0764e+07 9.0118e+06 2.0164e+07 1.1950e+07 1.6921e+07
   1.7500 1.3752e+07 8.3955e+06 2.0106e+07 8.8308e+06 1.9546e+07 1.1637e+07 1.6361e+07
   2.0000 1.2905e+07 7.9866e+06 1.8804e+07 8.3864e+06 1.8304e+07 1.0962e+07 1.5283e+07
   2.2500 1.1826e+07 7.4283e+06 1.7157e+07 7.7856e+06 1.6723e+07 1.0090e+07 1.3933e+07
   2.5000 1.0633e+07 6.7992e+06 1.5381e+07 7.1074e+06 1.5012e+07 9.1271e+06 1.2468e+07
   2.7500 9.4480e+06 6.1421e+06 1.3605e+07 6.4079e+06 1.3300e+07 8.1494e+06 1.1012e+07
   3.0000 8.3205e+06 5.5019e+06 1.1943e+07 5.7273e+06 1.1695e+07 7.2161e+06 9.6373e+06
   3.2500 7.2827e+06 4.8983e+06 1.0422e+07 5.0878e+06 1.0222e+07 6.3511e+06 8.3864e+06
   3.5000 6.3494e+06 4.3406e+06 9.0660e+06 4.4993e+06 8.9049e+06 5.5668e+06 7.2712e+06
   3.7500 5.5223e+06 3.8353e+06 7.8656e+06 3.9677e+06 7.7362e+06 4.8672e+06 6.2902e+06
   4.0000 4.7981e+06 3.3813e+06 6.8182e+06 3.4920e+06 6.7149e+06 4.2492e+06 5.4359e+06
   4.2500 4.1668e+06 2.9783e+06 5.9078e+06 3.0706e+06 5.8252e+06 3.7076e+06 4.6969e+06
   4.5000 3.6204e+06 2.6225e+06 5.1212e+06 2.6994e+06 5.0549e+06 3.2360e+06 4.0615e+06
   4.7500 3.1480e+06 2.3101e+06 4.4432e+06 2.3744e+06 4.3899e+06 2.8262e+06 3.5159e+06
   5.0000 2.7414e+06 2.0234e+06 3.8602e+06 2.0764e+06 3.8171e+06 2.4706e+06 3.0492e+06
   5.2500 2.3916e+06 1.7698e+06 3.3588e+06 1.8131e+06 3.3241e+06 2.1637e+06 2.6484e+06
   5.5000 2.0896e+06 1.5514e+06 2.9271e+06 1.5867e+06 2.8986e+06 1.8978e+06 2.3060e+06
   5.7500 1.8295e+06 1.3626e+06 2.5565e+06 1.3917e+06 2.5332e+06 1.6674e+06 2.0122e+06
   6.0000 1.6057e+06 1.1988e+06 2.2370e+06 1.2230e+06 2.2180e+06 1.4674e+06 1.7596e+06
   6.2500 1.4123e+06 1.0572e+06 1.9614e+06 1.0773e+06 1.9456e+06 1.2946e+06 1.5431e+06
   6.5000 1.2452e+06 9.3444e+05 1.7241e+06 9.5139e+05 1.7110e+06 1.1440e+06 1.3563e+06
   6.7500 1.0995e+06 8.2808e+05 1.5188e+06 8.4193e+05 1.5077e+06 1.0139e+06 1.1950e+06
   7.0000 9.7361e+05 7.3539e+05 1.3408e+06 7.4720e+05 1.3316e+06 8.9954e+05 1.0551e+06
   7.2500 8.6415e+05 6.5452e+05 1.1864e+06 6.6449e+05 1.1785e+06 8.0028e+05 9.3493e+05
   7.5000 7.6885e+05 5.8365e+05 1.0518e+06 5.9215e+05 1.0452e+06 7.1338e+05 8.2958e+05
   7.7500 6.8539e+05 5.2170e+05 9.3476e+05 5.2894e+05 9.2917e+05 6.3725e+05 7.3790e+05
   8.0000 6.1231e+05 4.6727e+05 8.3271e+05 4.7347e+05 8.2794e+05 5.7034e+05 6.5791e+05
   8.2500 5.4820e+05 4.1935e+05 7.4337e+05 4.2467e+05 7.3930e+05 5.1158e+05 5.8787e+05
   8.5000 4.9174e+05 3.7712e+05 6.6487e+05 3.8171e+05 6.6136e+05 4.5965e+05 5.2639e+05
   8.7500 4.4195e+05 3.3981e+05 5.9575e+05 3.4377e+05 5.9272e+05 4.1380e+05 4.7232e+05
   9.0000 3.9800e+05 3.0676e+05 5.3494e+05 3.1019e+05 5.3232e+05 3.7323e+05 4.2467e+05
   9.2500 3.5908e+05 2.7743e+05 4.8118e+05 2.8040e+05 4.7890e+05 3.3726e+05 3.8253e+05
   9.5000 3.2459e+05 2.5138e+05 4.3364e+05 2.5398e+05 4.3166e+05 3.0525e+05 3.4525e+05
   9.7500 2.9381e+05 2.2811e+05 3.9151e+05 2.3036e+05 3.8977e+05 2.7678e+05 3.1216e+05
  10.0000 2.6649e+05 2.0740e+05 3.5409e+05 2.0937e+05 3.5257e+05 2.5134e+05 2.8270e+05
  10.2500 2.4213e+05 1.8877e+05 3.2074e+05 1.9052e+05 3.1941e+05 2.2855e+05 2.5653e+05
  10.5000 2.2032e+05 1.7211e+05 2.9102e+05 1.7365e+05 2.8986e+05 2.0822e+05 2.3307e+05
  10.7500 2.0073e+05 1.5716e+05 2.6448e+05 1.5851e+05 2.6344e+05 1.8995e+05 2.1217e+05
  11.0000 1.8320e+05 1.4372e+05 2.4065e+05 1.4493e+05 2.3974e+05 1.7349e+05 1.9340e+05
  11.2500 1.6740e+05 1.3169e+05 2.1940e+05 1.3275e+05 2.1859e+05 1.5876e+05 1.7653e+05
  11.5000 1.5316e+05 1.2078e+05 2.0022e+05 1.2172e+05 1.9950e+05 1.4542e+05 1.6139e+05
  11.7500 1.4040e+05 1.1084e+05 1.8301e+05 1.1168e+05 1.8238e+05 1.3341e+05 1.4773e+05
  12.0000 1.2880e+05 1.0197e+05 1.6755e+05 1.0271e+05 1.6699e+05 1.2254e+05 1.3538e+05
  12.2500 1.1835e+05 9.3814e+04 1.5358e+05 9.4480e+04 1.5308e+05 1.1267e+05 1.2427e+05
  12.5000 1.0888e+05 8.6466e+04 1.4094e+05 8.7073e+04 1.4049e+05 1.0370e+05 1.1423e+05
  12.7500 1.0024e+05 7.9791e+04 1.2945e+05 8.0317e+04 1.2905e+05 9.5633e+04 1.0510e+05
  13.0000 9.2423e+04 7.3700e+04 1.1913e+05 7.4177e+04 1.1876e+05 8.8226e+04 9.6867e+04
  13.2500 8.5345e+04 6.8146e+04 1.0970e+05 6.8581e+04 1.0938e+05 8.1502e+04 8.9296e+04
  13.5000 7.8852e+04 6.3091e+04 1.0111e+05 6.3478e+04 1.0082e+05 7.5379e+04 8.2465e+04
  13.7500 7.2942e+04 5.8463e+04 9.3349e+04 5.8812e+04 9.3081e+04 6.9782e+04 7.6234e+04
  14.0000 6.7552e+04 5.4225e+04 8.6245e+04 5.4540e+04 8.6004e+04 6.4671e+04 7.0548e+04
  14.2500 6.2614e+04 5.0347e+04 7.9786e+04 5.0631e+04 7.9568e+04 5.9988e+04 6.5346e+04
  14.5000 5.8104e+04 4.6793e+04 7.3872e+04 4.7051e+04 7.3675e+04 5.5701e+04 6.0589e+04
  14.7500 5.3964e+04 4.3525e+04 6.8463e+04 4.3759e+04 6.8284e+04 5.1767e+04 5.6236e+04
  15.0000 5.0162e+04 4.0527e+04 6.3508e+04 4.0738e+04 6.3346e+04 4.8154e+04 5.2236e+04
  15.2500 4.6672e+04 3.7766e+04 5.8976e+04 3.7957e+04 5.8828e+04 4.4837e+04 4.8574e+04
  15.5000 4.3463e+04 3.5223e+04 5.4814e+04 3.5397e+04 5.4680e+04 4.1776e+04 4.5199e+04
  15.7500 4.0508e+04 3.2885e+04 5.0984e+04 3.3043e+04 5.0861e+04 3.8961e+04 4.2105e+04
  16.0000 3.7792e+04 3.0718e+04 4.7466e+04 3.0862e+04 4.7355e+04 3.6368e+04 3.9249e+04
  16.2500 3.5274e+04 2.8716e+04 4.4232e+04 2.8846e+04 4.4129e+04 3.3973e+04 3.6624e+04
  16.5000 3.2961e+04 2.6867e+04 4.1251e+04 2.6986e+04 4.1158e+04 3.1760e+04 3.4196e+04
  16.7500 3.0821e+04 2.5156e+04 3.8502e+04 2.5266e+04 3.8418e+04 2.9710e+04 3.1957e+04
  17.0000 2.8838e+04 2.3578e+04 3.5960e+04 2.3678e+04 3.5883e+04 2.7817e+04 2.9883e+04
  17.2500 2.7003e+04 2.2106e+04 3.3616e+04 2.2196e+04 3.3546e+04 2.6064e+04 2.7966e+04
  17.5000 2.5307e+04 2.0738e+04 3.1446e+04 2.0822e+04 3.1381e+04 2.4435e+04 2.6196e+04
  17.7500 2.3727e+04 1.9477e+04 2.9441e+04 1.9554e+04 2.9381e+04 2.2920e+04 2.4550e+04
  18.0000 2.2262e+04 1.8300e+04 2.7585e+04 1.8369e+04 2.7529e+04 2.1521e+04 2.3028e+04
  18.2500 2.0912e+04 1.7202e+04 2.5859e+04 1.7266e+04 2.5809e+04 2.0221e+04 2.1612e+04
  18.5000 1.9645e+04 1.6187e+04 2.4259e+04 1.6246e+04 2.4213e+04 1.9011e+04 2.0295e+04
  18.7500 1.8468e+04 1.5238e+04 2.2775e+04 1.5291e+04 2.2731e+04 1.7884e+04 1.9077e+04
  19.0000 1.7382e+04 1.4352e+04 2.1388e+04 1.4402e+04 2.1349e+04 1.6830e+04 1.7941e+04
  19.2500 1.6361e+04 1.3525e+04 2.0109e+04 1.3571e+04 2.0073e+04 1.5851e+04 1.6880e+04
  19.5000 1.5407e+04 1.2756e+04 1.8913e+04 1.2798e+04 1.8880e+04 1.4937e+04 1.5892e+04
  19.7500 1.4526e+04 1.2033e+04 1.7799e+04 1.2073e+04 1.7769e+04 1.4082e+04 1.4970e+04
  20.0000 1.3695e+04 1.1363e+04 1.6760e+04 1.1398e+04 1.6732e+04 1.3291e+04 1.4114e+04
  20.2500 1.2921e+04 1.0732e+04 1.5796e+04 1.0765e+04 1.5769e+04 1.2542e+04 1.3316e+04
  20.5000 1.2205e+04 1.0140e+04 1.4888e+04 1.0172e+04 1.4863e+04 1.1843e+04 1.2567e+04
  20.7500 1.1530e+04 9.5913e+03 1.4047e+04 9.6209e+03 1.4024e+04 1.1193e+04 1.1868e+04
  21.0000 1.0896e+04 9.0753e+03 1.3255e+04 9.1024e+03 1.3234e+04 1.0584e+04 1.1209e+04
  21.2500 1.0304e+04 8.5924e+03 1.2520e+04 8.6168e+03 1.2501e+04 1.0016e+04 1.0592e+04
  21.5000 9.7443e+03 8.1345e+03 1.1828e+04 8.1576e+03 1.1810e+04 9.4727e+03 1.0016e+04
  21.7500 9.2258e+03 7.7072e+03 1.1185e+04 7.7288e+03 1.1168e+04 8.9707e+03 9.4810e+03
  22.0000 8.7403e+03 7.3063e+03 1.0575e+04 7.3264e+03 1.0559e+04 8.5016e+03 8.9789e+03
  22.2500 8.2794e+03 6.9295e+03 1.0006e+04 6.9478e+03 9.9912e+03 8.0580e+03 8.5016e+03
  22.5000 7.8481e+03 6.5744e+03 9.4779e+03 6.5914e+03 9.4645e+03 7.6407e+03 8.0564e+03
  22.7500 7.4432e+03 6.2415e+03 8.9748e+03 6.2573e+03 8.9625e+03 7.2490e+03 7.6374e+03
  23.0000 7.0622e+03 5.9274e+03 8.5049e+03 5.9421e+03 8.4934e+03 6.8803e+03 7.2441e+03
  23.2500 6.7042e+03 5.6312e+03 8.0661e+03 5.6450e+03 8.0555e+03 6.5330e+03 6.8737e+03
  23.5000 6.3667e+03 5.3524e+03 7.6515e+03 5.3651e+03 7.6416e+03 6.2062e+03 6.5264e+03
  23.7500 6.0482e+03 5.0892e+03 7.2608e+03 5.1009e+03 7.2514e+03 5.8984e+03 6.1988e+03
  24.0000 5.7486e+03 4.8414e+03 6.8939e+03 4.8524e+03 6.8852e+03 5.6079e+03 5.8894e+03
  24.2500 5.4664e+03 4.6076e+03 6.5477e+03 4.6179e+03 6.5396e+03 5.3339e+03 5.5989e+03
  24.5000 5.1997e+03 4.3861e+03 6.2221e+03 4.3956e+03 6.2145e+03 5.0754e+03 5.3240e+03
  24.7500 4.9487e+03 4.1776e+03 5.9146e+03 4.1866e+03 5.9075e+03 4.8310e+03 5.0656e+03
  25.0000 4.7109e+03 3.9807e+03 5.6245e+03 3.9891e+03 5.6178e+03 4.6006e+03 4.8211e+03
  25.2500 4.4862e+03 3.7938e+03 5.3516e+03 3.8014e+03 5.3454e+03 4.3833e+03 4.5899e+03
  25.5000 4.2747e+03 3.6172e+03 5.0936e+03 3.6245e+03 5.0878e+03 4.1767e+03 4.3718e+03
  25.7500 4.0738e+03 3.4507e+03 4.8497e+03 3.4574e+03 4.8442e+03 3.9825e+03 4.1660e+03
  26.0000 3.8846e+03 3.2921e+03 4.6197e+03 3.2986e+03 4.6146e+03 3.7973e+03 3.9710e+03
  26.2500 3.7052e+03 3.1419e+03 4.4021e+03 3.1480e+03 4.3973e+03 3.6228e+03 3.7866e+03
  26.5000 3.5356e+03 3.0000e+03 4.1960e+03 3.0056e+03 4.1915e+03 3.4582e+03 3.6122e+03
  26.7500 3.3743e+03 2.8661e+03 4.0015e+03 2.8714e+03 3.9973e+03 3.3011e+03 3.4467e+03
  27.0000 3.2220e+03 2.7381e+03 3.8169e+03 2.7431e+03 3.8130e+03 3.1529e+03 3.2903e+03
  27.2500 3.0772e+03 2.6175e+03 3.6431e+03 2.6221e+03 3.6393e+03 3.0122e+03 3.1422e+03
  27.5000 2.9406e+03 2.5025e+03 3.4773e+03 2.5069e+03 3.4739e+03 2.8788e+03 3.0015e+03
  27.7500 2.8105e+03 2.3933e+03 3.3208e+03 2.3974e+03 3.3175e+03 2.7521e+03 2.8682e+03
  28.0000 2.6871e+03 2.2899e+03 3.1724e+03 2.2937e+03 3.1694e+03 2.6319e+03 2.7414e+03
  28.2500 2.5694e+03 2.1914e+03 3.0316e+03 2.1949e+03 3.0286e+03 2.5176e+03 2.6212e+03
  28.5000 2.4583e+03 2.0977e+03 2.8973e+03 2.1011e+03 2.8945e+03 2.4089e+03 2.5077e+03
  28.7500 2.3530e+03 2.0090e+03 2.7703e+03 2.0122e+03 2.7678e+03 2.3061e+03 2.3991e+03
  29.0000 2.2526e+03 1.9244e+03 2.6500e+03 1.9275e+03 2.6476e+03 2.2081e+03 2.2962e+03
  29.2500 2.1571e+03 1.8439e+03 2.5354e+03 1.8468e+03 2.5332e+03 2.1143e+03 2.1982e+03
  29.5000 2.0657e+03 1.7668e+03 2.4267e+03 1.7695e+03 2.4246e+03 2.0262e+03 2.1052e+03
  29.7500 1.9793e+03 1.6945e+03 2.3238e+03 1.6970e+03 2.3217e+03 1.9415e+03 2.0172e+03
  30.0000 1.8970e+03 1.6248e+03 2.2257e+03 1.6271e+03 2.2238e+03 1.8616e+03 1.9324e+03
  30.2500 1.8188e+03 1.5590e+03 2.1317e+03 1.5612e+03 2.1299e+03 1.7851e+03 1.8526e+03
  30.5000 1.7439e+03 1.4958e+03 2.0428e+03 1.4979e+03 2.0410e+03 1.7118e+03 1.7760e+03
  30.7500 1.6732e+03 1.4350e+03 1.9579e+03 1.4370e+03 1.9563e+03 1.6427e+03 1.7036e+03
  31.0000 1.6057e+03 1.3782e+03 1.8780e+03 1.3802e+03 1.8764e+03 1.5760e+03 1.6345e+03
  31.2500 1.5407e+03 1.3232e+03 1.8006e+03 1.3250e+03 1.7991e+03 1.5127e+03 1.5686e+03
  31.5000 1.4789e+03 1.2707e+03 1.7280e+03 1.2724e+03 1.7267e+03 1.4526e+03 1.5053e+03
  31.7500 1.4205e+03 1.2213e+03 1.6580e+03 1.2230e+03 1.6567e+03 1.3950e+03 1.4452e+03
  32.0000 1.3645e+03 1.1737e+03 1.5913e+03 1.1752e+03 1.5900e+03 1.3407e+03 1.3884e+03
  32.2500 1.3110e+03 1.1285e+03 1.5278e+03 1.1300e+03 1.5267e+03 1.2880e+03 1.3333e+03
  32.5000 1.2600e+03 1.0849e+03 1.4677e+03 1.0864e+03 1.4666e+03 1.2378e+03 1.2814e+03
  32.7500 1.2106e+03 1.0431e+03 1.4092e+03 1.0444e+03 1.4082e+03 1.1901e+03 1.2312e+03
  33.0000 1.1645e+03 1.0037e+03 1.3540e+03 1.0049e+03 1.3530e+03 1.1448e+03 1.1843e+03
  33.2500 1.1201e+03 9.6586e+02 1.3021e+03 9.6702e+02 1.3012e+03 1.1012e+03 1.1382e+03
  33.5000 1.0773e+03 9.2970e+02 1.2510e+03 9.3081e+02 1.2501e+03 1.0592e+03 1.0946e+03
  33.7500 1.0362e+03 8.9446e+02 1.2033e+03 8.9542e+02 1.2024e+03 1.0197e+03 1.0534e+03
  34.0000 9.9748e+02 8.6150e+02 1.1572e+03 8.6250e+02 1.1563e+03 9.8102e+02 1.0139e+03
  34.2500 9.6044e+02 8.2947e+02 1.1134e+03 8.3041e+02 1.1127e+03 9.4480e+02 9.7525e+02
  34.5000 9.2423e+02 7.9916e+02 1.0715e+03 8.0004e+02 1.0707e+03 9.0941e+02 9.3904e+02
  34.7500 8.9049e+02 7.7001e+02 1.0311e+03 7.7082e+02 1.0304e+03 8.7650e+02 9.0448e+02
  35.0000 8.5757e+02 7.4209e+02 9.9318e+02 7.4284e+02 9.9254e+02 8.4440e+02 8.7073e+02
  35.2500 8.2629e+02 7.1526e+02 9.5617e+02 7.1601e+02 9.5550e+02 8.1337e+02 8.3946e+02
  35.5000 7.9642e+02 6.8960e+02 9.2072e+02 6.9033e+02 9.2011e+02 7.8391e+02 8.0868e+02
  35.7500 7.6761e+02 6.6496e+02 8.8695e+02 6.6564e+02 8.8637e+02 7.5576e+02 7.7938e+02
  36.0000 7.4012e+02 6.4136e+02 8.5482e+02 6.4202e+02 8.5427e+02 7.2868e+02 7.5132e+02
  36.2500 7.1362e+02 6.1877e+02 8.2353e+02 6.1939e+02 8.2300e+02 7.0276e+02 7.2440e+02
  36.5000 6.8836e+02 5.9706e+02 7.9420e+02 5.9766e+02 7.9370e+02 6.7790e+02 6.9864e+02
  36.7500 6.6408e+02 5.7618e+02 7.6570e+02 5.7676e+02 7.6523e+02 6.5404e+02 6.7387e+02
  37.0000 6.4071e+02 5.5622e+02 7.3844e+02 5.5676e+02 7.3798e+02 6.3116e+02 6.5017e+02
  37.2500 6.1840e+02 5.3698e+02 7.1232e+02 5.3750e+02 7.1189e+02 6.0918e+02 6.2737e+02
  37.5000 5.9692e+02 5.1857e+02 6.8721e+02 5.1907e+02 6.8679e+02 5.8812e+02 6.0556e+02
  37.7500 5.7626e+02 5.0082e+02 6.6316e+02 5.0129e+02 6.6276e+02 5.6787e+02 5.8458e+02
  38.0000 5.5651e+02 4.8380e+02 6.4001e+02 4.8425e+02 6.3964e+02 5.4845e+02 5.6441e+02
  38.2500 5.3750e+02 4.6745e+02 6.1786e+02 4.6788e+02 6.1750e+02 5.2976e+02 5.4515e+02
  38.5000 5.1923e+02 4.5175e+02 5.9661e+02 4.5216e+02 5.9626e+02 5.1182e+02 5.2655e+02
  38.7500 5.0170e+02 4.3662e+02 5.7610e+02 4.3701e+02 5.7577e+02 4.9454e+02 5.0870e+02
  39.0000 4.8483e+02 4.2215e+02 5.5650e+02 4.2253e+02 5.5618e+02 4.7800e+02 4.9158e+02
  39.2500 4.6862e+02 4.0818e+02 5.3764e+02 4.0854e+02 5.3734e+02 4.6203e+02 4.7504e+02
  39.5000 4.5298e+02 3.9470e+02 5.1953e+02 3.9504e+02 5.1923e+02 4.4672e+02 4.5923e+02
  39.7500 4.3800e+02 3.8179e+02 5.0206e+02 3.8212e+02 5.0178e+02 4.3191e+02 4.4393e+02
  40.0000 4.2360e+02 3.6929e+02 4.8534e+02 3.6961e+02 4.8508e+02 4.1775e+02 4.2928e+02
  40.2500 4.0969e+02 3.5738e+02 4.6920e+02 3.5768e+02 4.6894e+02 4.0409e+02 4.1520e+02
  40.5000 3.9636e+02 3.4586e+02 4.5372e+02 3.4615e+02 4.5347e+02 3.9093e+02 4.0162e+02
  40.7500 3.8352e+02 3.3468e+02 4.3881e+02 3.3496e+02 4.3858e+02 3.7833e+02 3.8854e+02
  41.0000 3.7109e+02 3.2400e+02 4.2448e+02 3.2426e+02 4.2426e+02 3.6615e+02 3.7603e+02
  41.2500 3.5916e+02 3.1372e+02 4.1064e+02 3.1397e+02 4.1043e+02 3.5438e+02 3.6385e+02
  41.5000 3.4772e+02 3.0377e+02 3.9739e+02 3.0402e+02 3.9718e+02 3.4311e+02 3.5224e+02
  41.7500 3.3669e+02 2.9424e+02 3.8453e+02 2.9447e+02 3.8434e+02 3.3225e+02 3.4097e+02
  42.0000 3.2599e+02 2.8503e+02 3.7227e+02 2.8525e+02 3.7208e+02 3.2171e+02 3.3019e+02
  42.2500 3.1570e+02 2.7615e+02 3.6033e+02 2.7636e+02 3.6014e+02 3.1159e+02 3.1974e+02
  42.5000 3.0583e+02 2.6752e+02 3.4896e+02 2.6772e+02 3.4879e+02 3.0188e+02 3.0969e+02
  42.7500 2.9628e+02 2.5930e+02 3.3792e+02 2.5949e+02 3.3776e+02 2.9249e+02 2.9998e+02
  43.0000 2.8706e+02 2.5133e+02 3.2731e+02 2.5151e+02 3.2714e+02 2.8344e+02 2.9068e+02
  43.2500 2.7817e+02 2.4360e+02 3.1702e+02 2.4377e+02 3.1686e+02 2.7472e+02 2.8171e+02
  43.5000 2.6970e+02 2.3619e+02 3.0721e+02 2.3637e+02 3.0706e+02 2.6624e+02 2.7299e+02
  43.7500 2.6138e+02 2.2905e+02 2.9766e+02 2.2921e+02 2.9751e+02 2.5818e+02 2.6459e+02
  44.0000 2.5340e+02 2.2214e+02 2.8852e+02 2.2229e+02 2.8838e+02 2.5027e+02 2.5653e+02
  44.2500 2.4575e+02 2.1547e+02 2.7962e+02 2.1563e+02 2.7949e+02 2.4270e+02 2.4871e+02
  44.5000 2.3834e+02 2.0897e+02 2.7106e+02 2.0912e+02 2.7093e+02 2.3538e+02 2.4122e+02
  44.7500 2.3118e+02 2.0281e+02 2.6283e+02 2.0295e+02 2.6270e+02 2.2838e+02 2.3398e+02
  45.0000 2.2427e+02 1.9681e+02 2.5492e+02 1.9694e+02 2.5480e+02 2.2155e+02 2.2698e+02
  45.2500 2.1760e+02 1.9097e+02 2.4726e+02 1.9110e+02 2.4715e+02 2.1497e+02 2.2015e+02
  45.5000 2.1118e+02 1.8538e+02 2.3985e+02 1.8550e+02 2.3974e+02 2.0863e+02 2.1365e+02
  45.7500 2.0493e+02 1.7995e+02 2.3268e+02 1.8007e+02 2.3258e+02 2.0246e+02 2.0731e+02
  46.0000 1.9892e+02 1.7469e+02 2.2577e+02 1.7481e+02 2.2567e+02 1.9653e+02 2.0122e+02
  46.2500 1.9308e+02 1.6967e+02 2.1910e+02 1.6978e+02 2.1900e+02 1.9077e+02 1.9530e+02
  46.5000 1.8748e+02 1.6474e+02 2.1259e+02 1.6485e+02 2.1250e+02 1.8526e+02 1.8962e+02
  46.7500 1.8205e+02 1.6005e+02 2.0641e+02 1.6016e+02 2.0633e+02 1.7991e+02 1.8411e+02
  47.0000 1.7678e+02 1.5545e+02 2.0040e+02 1.5555e+02 2.0032e+02 1.7472e+02 1.7876e+02
  47.2500 1.7168e+02 1.5101e+02 1.9456e+02 1.5110e+02 1.9447e+02 1.6970e+02 1.7365e+02
  47.5000 1.6682e+02 1.4673e+02 1.8887e+02 1.4682e+02 1.8880e+02 1.6485e+02 1.6863e+02
  47.7500 1.6205e+02 1.4262e+02 1.8344e+02 1.4271e+02 1.8336e+02 1.6016e+02 1.6386e+02
  48.0000 1.5744e+02 1.3859e+02 1.7825e+02 1.3868e+02 1.7818e+02 1.5563e+02 1.5917e+02
  48.2500 1.5300e+02 1.3473e+02 1.7315e+02 1.3481e+02 1.7308e+02 1.5127e+02 1.5472e+02
  48.5000 1.4872e+02 1.3094e+02 1.6821e+02 1.3102e+02 1.6814e+02 1.4699e+02 1.5036e+02
  48.7500 1.4452e+02 1.2732e+02 1.6343e+02 1.2740e+02 1.6337e+02 1.4287e+02 1.4608e+02
  49.0000 1.4049e+02 1.2379e+02 1.5882e+02 1.2386e+02 1.5876e+02 1.3892e+02 1.4205e+02
  49.2500 1.3662e+02 1.2041e+02 1.5437e+02 1.2049e+02 1.5431e+02 1.3505e+02 1.3810e+02
  49.5000 1.3283e+02 1.1713e+02 1.5009e+02 1.1719e+02 1.5003e+02 1.3135e+02 1.3423e+02
  49.7500 1.2913e+02 1.1392e+02 1.4589e+02 1.1398e+02 1.4584e+02 1.2773e+02 1.3053e+02
  50.0000 1.2559e+02 1.1080e+02 1.4186e+02 1.1086e+02 1.4180e+02 1.2427e+02 1.2699e+02
  50.2500 1.2222e+02 1.0783e+02 1.3791e+02 1.0789e+02 1.3785e+02 1.2090e+02 1.2353e+02
  50.5000 1.1884e+02 1.0488e+02 1.3412e+02 1.0493e+02 1.3407e+02 1.1761e+02 1.2016e+02
  50.7500 1.1563e+02 1.0208e+02 1.3050e+02 1.0213e+02 1.3044e+02 1.1440e+02 1.1687e+02
  51.0000 1.1250e+02 9.9368e+01 1.2696e+02 9.9418e+01 1.2691e+02 1.1135e+02 1.1374e+02
  51.2500 1.0954e+02 9.6725e+01 1.2350e+02 9.6785e+01 1.2345e+02 1.0831e+02 1.1069e+02
  51.5000 1.0658e+02 9.4098e+01 1.2013e+02 9.4151e+01 1.2008e+02 1.0543e+02 1.0773e+02
  51.7500 1.0370e+02 9.1635e+01 1.1692e+02 9.1682e+01 1.1687e+02 1.0263e+02 1.0485e+02
  52.0000 1.0098e+02 8.9247e+01 1.1378e+02 8.9296e+01 1.1374e+02 9.9912e+01 1.0205e+02
  52.2500 9.8349e+01 8.6859e+01 1.1073e+02 8.6909e+01 1.1069e+02 9.7279e+01 9.9336e+01
  52.5000 9.5715e+01 8.4643e+01 1.0777e+02 8.4687e+01 1.0773e+02 9.4727e+01 9.6703e+01
  52.7500 9.3246e+01 8.2419e+01 1.0497e+02 8.2465e+01 1.0493e+02 9.2258e+01 9.4151e+01
  53.0000 9.0777e+01 8.0277e+01 1.0217e+02 8.0317e+01 1.0213e+02 8.9872e+01 9.1682e+01
  53.2500 8.8390e+01 7.8194e+01 9.9455e+01 7.8234e+01 9.9418e+01 8.7485e+01 8.9296e+01
  53.5000 8.6086e+01 7.6192e+01 9.6905e+01 7.6226e+01 9.6867e+01 8.5263e+01 8.6991e+01
  53.7500 8.3864e+01 7.4232e+01 9.4355e+01 7.4267e+01 9.4316e+01 8.3041e+01 8.4769e+01
  54.0000 8.1740e+01 7.2337e+01 9.1879e+01 7.2375e+01 9.1847e+01 8.0901e+01 8.2547e+01
  54.2500 7.9642e+01 7.0495e+01 8.9493e+01 7.0531e+01 8.9460e+01 7.8827e+01 8.0440e+01
  54.5000 7.7609e+01 6.8710e+01 8.7188e+01 6.8745e+01 8.7156e+01 7.6819e+01 7.8391e+01
  54.7500 7.5634e+01 6.6975e+01 8.4964e+01 6.7009e+01 8.4934e+01 7.4868e+01 7.6391e+01
  55.0000 7.3716e+01 6.5289e+01 8.2824e+01 6.5322e+01 8.2794e+01 7.2975e+01 7.4457e+01
  55.2500 7.1856e+01 6.3652e+01 8.0700e+01 6.3684e+01 8.0671e+01 7.1132e+01 7.2572e+01
  55.5000 7.0046e+01 6.2065e+01 7.8650e+01 6.2095e+01 7.8621e+01 6.9346e+01 7.0745e+01
  55.7500 6.8293e+01 6.0518e+01 7.6657e+01 6.0548e+01 7.6630e+01 6.7609e+01 6.8967e+01
  56.0000 6.6589e+01 5.9021e+01 7.4730e+01 5.9050e+01 7.4704e+01 6.5922e+01 6.7239e+01
  56.2500 6.4927e+01 5.7565e+01 7.2853e+01 5.7593e+01 7.2827e+01 6.4284e+01 6.5568e+01
  56.5000 6.3322e+01 5.6142e+01 7.1033e+01 5.6170e+01 7.1008e+01 6.2696e+01 6.3939e+01
  56.7500 6.1758e+01 5.4769e+01 6.9263e+01 5.4795e+01 6.9239e+01 6.1149e+01 6.2359e+01
  57.0000 6.0235e+01 5.3437e+01 6.7542e+01 5.3462e+01 6.7519e+01 5.9651e+01 6.0820e+01
  57.2500 5.8762e+01 5.2128e+01 6.5871e+01 5.2154e+01 6.5848e+01 5.8186e+01 5.9330e+01
  57.5000 5.7330e+01 5.0870e+01 6.4249e+01 5.0894e+01 6.4227e+01 5.6770e+01 5.7882e+01
  57.7500 5.5931e+01 4.9636e+01 6.2676e+01 4.9660e+01 6.2655e+01 5.5388e+01 5.6466e+01
  58.0000 5.4573e+01 4.8444e+01 6.1145e+01 4.8466e+01 6.1124e+01 5.4046e+01 5.5100e+01
  58.2500 5.3256e+01 4.7276e+01 5.9655e+01 4.7298e+01 5.9635e+01 5.2746e+01 5.3767e+01
  58.5000 5.1972e+01 4.6149e+01 5.8206e+01 4.6170e+01 5.8186e+01 5.1470e+01 5.2466e+01
  58.7500 5.0721e+01 4.5047e+01 5.6798e+01 4.5068e+01 5.6779e+01 5.0236e+01 5.1207e+01
  59.0000 4.9512e+01 4.3978e+01 5.5423e+01 4.3998e+01 5.5404e+01 4.9043e+01 4.9981e+01
  59.2500 4.8335e+01 4.2941e+01 5.4097e+01 4.2961e+01 5.4079e+01 4.7874e+01 4.8787e+01
  59.5000 4.7183e+01 4.1921e+01 5.2797e+01 4.1940e+01 5.2779e+01 4.6738e+01 4.7627e+01
  59.7500 4.6072e+01 4.0942e+01 5.1537e+01 4.0961e+01 5.1520e+01 4.5635e+01 4.6499e+01
  60.0000 4.4977e+01 3.9980e+01 5.0311e+01 3.9998e+01 5.0294e+01 4.4557e+01 4.5405e+01
  60.2500 4.3923e+01 3.9050e+01 4.9125e+01 3.9068e+01 4.9108e+01 4.3512e+01 4.4335e+01
  60.5000 4.2895e+01 3.8137e+01 4.7964e+01 3.8154e+01 4.7948e+01 4.2492e+01 4.3298e+01
  60.7500 4.1891e+01 3.7258e+01 4.6836e+01 3.7274e+01 4.6821e+01 4.1504e+01 4.2286e+01
  61.0000 4.0920e+01 3.6394e+01 4.5733e+01 3.6410e+01 4.5718e+01 4.0541e+01 4.1298e+01
  61.2500 3.9973e+01 3.5555e+01 4.4671e+01 3.5570e+01 4.4656e+01 3.9603e+01 4.0343e+01
  61.5000 3.9051e+01 3.4740e+01 4.3625e+01 3.4755e+01 4.3611e+01 3.8689e+01 3.9405e+01
  61.7500 3.8154e+01 3.3941e+01 4.2612e+01 3.3957e+01 4.2599e+01 3.7792e+01 3.8500e+01
  62.0000 3.7274e+01 3.3169e+01 4.1633e+01 3.3183e+01 4.1619e+01 3.6928e+01 3.7619e+01
  62.2500 3.6426e+01 3.2412e+01 4.0669e+01 3.2426e+01 4.0656e+01 3.6088e+01 3.6755e+01
  62.5000 3.5595e+01 3.1680e+01 3.9730e+01 3.1694e+01 3.9718e+01 3.5266e+01 3.5916e+01
  62.7500 3.4780e+01 3.0964e+01 3.8825e+01 3.0978e+01 3.8813e+01 3.4459e+01 3.5101e+01
  63.0000 3.3998e+01 3.0265e+01 3.7936e+01 3.0278e+01 3.7924e+01 3.3685e+01 3.4303e+01
  63.2500 3.3224e+01 2.9591e+01 3.7080e+01 2.9603e+01 3.7068e+01 3.2920e+01 3.3529e+01
  63.5000 3.2484e+01 2.8932e+01 3.6240e+01 2.8945e+01 3.6228e+01 3.2179e+01 3.2772e+01
  63.7500 3.1751e+01 2.8283e+01 3.5417e+01 2.8295e+01 3.5406e+01 3.1463e+01 3.2039e+01
  64.0000 3.1044e+01 2.7658e+01 3.4618e+01 2.7669e+01 3.4607e+01 3.0764e+01 3.1323e+01
  64.2500 3.0352e+01 2.7040e+01 3.3844e+01 2.7052e+01 3.3834e+01 3.0072e+01 3.0624e+01
  64.5000 2.9677e+01 2.6448e+01 3.3087e+01 2.6459e+01 3.3076e+01 2.9406e+01 2.9941e+01
  64.7500 2.9019e+01 2.5864e+01 3.2345e+01 2.5875e+01 3.2336e+01 2.8756e+01 2.9274e+01
  65.0000 2.8377e+01 2.5297e+01 3.1630e+01 2.5307e+01 3.1620e+01 2.8122e+01 2.8632e+01
  65.2500 2.7752e+01 2.4746e+01 3.0930e+01 2.4756e+01 3.0920e+01 2.7505e+01 2.7998e+01
  65.5000 2.7142e+01 2.4203e+01 3.0247e+01 2.4213e+01 3.0237e+01 2.6904e+01 2.7389e+01
  65.7500 2.6550e+01 2.3676e+01 2.9580e+01 2.3686e+01 2.9570e+01 2.6311e+01 2.6789e+01
  66.0000 2.5974e+01 2.3166e+01 2.8929e+01 2.3176e+01 2.8920e+01 2.5743e+01 2.6204e+01
  66.2500 2.5406e+01 2.2665e+01 2.8296e+01 2.2674e+01 2.8287e+01 2.5184e+01 2.5636e+01
  66.5000 2.4863e+01 2.2179e+01 2.7677e+01 2.2188e+01 2.7669e+01 2.4641e+01 2.5077e+01
  66.7500 2.4320e+01 2.1702e+01 2.7077e+01 2.1711e+01 2.7069e+01 2.4106e+01 2.4534e+01
  67.0000 2.3801e+01 2.1241e+01 2.6492e+01 2.1250e+01 2.6484e+01 2.3587e+01 2.4007e+01
  67.2500 2.3291e+01 2.0781e+01 2.5915e+01 2.0789e+01 2.5908e+01 2.3085e+01 2.3488e+01
  67.5000 2.2789e+01 2.0345e+01 2.5364e+01 2.0353e+01 2.5357e+01 2.2591e+01 2.2986e+01
  67.7500 2.2303e+01 1.9908e+01 2.4813e+01 1.9917e+01 2.4805e+01 2.2106e+01 2.2501e+01
  68.0000 2.1834e+01 1.9489e+01 2.4285e+01 1.9497e+01 2.4279e+01 2.1637e+01 2.2015e+01
  68.2500 2.1365e+01 1.9078e+01 2.3767e+01 1.9085e+01 2.3760e+01 2.1184e+01 2.1554e+01
  68.5000 2.0912e+01 1.8675e+01 2.3257e+01 1.8682e+01 2.3250e+01 2.0731e+01 2.1093e+01
  68.7500 2.0476e+01 1.8288e+01 2.2762e+01 1.8295e+01 2.2756e+01 2.0295e+01 2.0649e+01
  69.0000 2.0048e+01 1.7901e+01 2.2285e+01 1.7909e+01 2.2279e+01 1.9867e+01 2.0221e+01
  69.2500 1.9629e+01 1.7531e+01 2.1816e+01 1.7538e+01 2.1809e+01 1.9456e+01 1.9793e+01
  69.5000 1.9217e+01 1.7169e+01 2.1355e+01 1.7176e+01 2.1349e+01 1.9052e+01 1.9382e+01
  69.7500 1.8814e+01 1.6815e+01 2.0911e+01 1.6822e+01 2.0904e+01 1.8649e+01 1.8978e+01
  70.0000 1.8427e+01 1.6470e+01 2.0474e+01 1.6477e+01 2.0468e+01 1.8262e+01 1.8583e+01
  70.2500 1.8040e+01 1.6125e+01 2.0046e+01 1.6131e+01 2.0040e+01 1.7892e+01 1.8197e+01
  70.5000 1.7670e+01 1.5796e+01 1.9627e+01 1.5802e+01 1.9620e+01 1.7522e+01 1.7826e+01
  70.7500 1.7308e+01 1.5475e+01 1.9223e+01 1.5481e+01 1.9217e+01 1.7160e+01 1.7456e+01
  71.0000 1.6954e+01 1.5154e+01 1.8827e+01 1.5160e+01 1.8822e+01 1.6806e+01 1.7094e+01
  71.2500 1.6608e+01 1.4849e+01 1.8441e+01 1.4855e+01 1.8435e+01 1.6460e+01 1.6748e+01
  71.5000 1.6271e+01 1.4545e+01 1.8061e+01 1.4551e+01 1.8057e+01 1.6131e+01 1.6402e+01
  71.7500 1.5933e+01 1.4257e+01 1.7692e+01 1.4263e+01 1.7686e+01 1.5802e+01 1.6073e+01
  72.0000 1.5612e+01 1.3969e+01 1.7329e+01 1.3974e+01 1.7324e+01 1.5481e+01 1.5744e+01
  72.2500 1.5300e+01 1.3681e+01 1.6975e+01 1.3687e+01 1.6970e+01 1.5168e+01 1.5423e+01
  72.5000 1.4987e+01 1.3410e+01 1.6630e+01 1.3415e+01 1.6625e+01 1.4863e+01 1.5119e+01
  72.7500 1.4691e+01 1.3147e+01 1.6292e+01 1.3152e+01 1.6287e+01 1.4567e+01 1.4814e+01
  73.0000 1.4394e+01 1.2883e+01 1.5962e+01 1.2888e+01 1.5958e+01 1.4271e+01 1.4509e+01
  73.2500 1.4106e+01 1.2620e+01 1.5641e+01 1.2625e+01 1.5637e+01 1.3983e+01 1.4221e+01
  73.5000 1.3826e+01 1.2373e+01 1.5329e+01 1.2378e+01 1.5324e+01 1.3711e+01 1.3942e+01
  73.7500 1.3547e+01 1.2126e+01 1.5024e+01 1.2131e+01 1.5020e+01 1.3431e+01 1.3662e+01
  74.0000 1.3283e+01 1.1888e+01 1.4727e+01 1.1892e+01 1.4723e+01 1.3168e+01 1.3390e+01
  74.2500 1.3020e+01 1.1658e+01 1.4431e+01 1.1662e+01 1.4427e+01 1.2913e+01 1.3127e+01
  74.5000 1.2765e+01 1.1427e+01 1.4143e+01 1.1431e+01 1.4139e+01 1.2658e+01 1.2864e+01
  74.7500 1.2510e+01 1.1205e+01 1.3864e+01 1.1209e+01 1.3859e+01 1.2403e+01 1.2617e+01
  75.0000 1.2263e+01 1.0983e+01 1.3592e+01 1.0987e+01 1.3588e+01 1.2164e+01 1.2370e+01
  75.2500 1.2024e+01 1.0769e+01 1.3328e+01 1.0773e+01 1.3324e+01 1.1925e+01 1.2123e+01
  75.5000 1.1794e+01 1.0563e+01 1.3064e+01 1.0567e+01 1.3061e+01 1.1695e+01 1.1884e+01
  75.7500 1.1563e+01 1.0358e+01 1.2809e+01 1.0362e+01 1.2806e+01 1.1464e+01 1.1654e+01
  76.0000 1.1341e+01 1.0160e+01 1.2562e+01 1.0164e+01 1.2559e+01 1.1242e+01 1.1431e+01
  76.2500 1.1119e+01 9.9630e+00 1.2316e+01 9.9665e+00 1.2312e+01 1.1028e+01 1.1209e+01
  76.5000 1.0905e+01 9.7736e+00 1.2077e+01 9.7772e+00 1.2073e+01 1.0814e+01 1.0995e+01
  76.7500 1.0691e+01 9.5849e+00 1.1838e+01 9.5879e+00 1.1835e+01 1.0608e+01 1.0781e+01
  77.0000 1.0485e+01 9.4038e+00 1.1616e+01 9.4069e+00 1.1613e+01 1.0403e+01 1.0575e+01
  77.2500 1.0287e+01 9.2226e+00 1.1393e+01 9.2258e+00 1.1390e+01 1.0205e+01 1.0370e+01
  77.5000 1.0090e+01 9.0497e+00 1.1171e+01 9.0530e+00 1.1168e+01 1.0008e+01 1.0172e+01
  77.7500 9.9007e+00 8.8769e+00 1.0957e+01 8.8802e+00 1.0954e+01 9.8184e+00 9.9830e+00
  78.0000 9.7114e+00 8.7040e+00 1.0752e+01 8.7073e+00 1.0748e+01 9.6291e+00 9.7937e+00
  78.2500 9.5303e+00 8.5475e+00 1.0545e+01 8.5510e+00 1.0543e+01 9.4480e+00 9.6044e+00
  78.5000 9.3493e+00 8.3829e+00 1.0340e+01 8.3864e+00 1.0337e+01 9.2670e+00 9.4233e+00
  78.7500 9.1682e+00 8.2263e+00 1.0150e+01 8.2292e+00 1.0148e+01 9.0942e+00 9.2423e+00
  79.0000 8.9954e+00 8.0729e+00 9.9529e+00 8.0753e+00 9.9501e+00 8.9296e+00 9.0695e+00
  79.2500 8.8308e+00 7.9208e+00 9.7719e+00 7.9238e+00 9.7690e+00 8.7567e+00 8.9049e+00
  79.5000 8.6662e+00 7.7726e+00 9.5821e+00 7.7757e+00 9.5797e+00 8.5921e+00 8.7320e+00
  79.7500 8.5016e+00 7.6284e+00 9.4017e+00 7.6309e+00 9.3987e+00 8.4358e+00 8.5757e+00
  80.0000 8.3452e+00 7.4868e+00 9.2283e+00 7.4893e+00 9.2258e+00 8.2794e+00 8.4111e+00
  80.2500 8.1913e+00 7.3476e+00 9.0553e+00 7.3502e+00 9.0530e+00 8.1247e+00 8.2547e+00
  80.5000 8.0391e+00 7.2119e+00 8.8908e+00 7.2144e+00 8.8884e+00 7.9741e+00 8.1033e+00
  80.7500 7.8909e+00 7.0786e+00 8.7262e+00 7.0811e+00 8.7238e+00 7.8267e+00 7.9543e+00
  81.0000 7.7461e+00 6.9477e+00 8.5615e+00 6.9502e+00 8.5592e+00 7.6827e+00 7.8078e+00
  81.2500 7.6037e+00 6.8202e+00 8.4051e+00 6.8227e+00 8.4028e+00 7.5420e+00 7.6638e+00
  81.5000 7.4646e+00 6.6952e+00 8.2487e+00 6.6976e+00 8.2465e+00 7.4037e+00 7.5239e+00
  81.7500 7.3280e+00 6.5734e+00 8.0973e+00 6.5758e+00 8.0950e+00 7.2687e+00 7.3864e+00
  82.0000 7.1947e+00 6.4533e+00 7.9490e+00 6.4556e+00 7.9469e+00 7.1362e+00 7.2515e+00
  82.2500 7.0638e+00 6.3357e+00 7.8033e+00 6.3379e+00 7.8012e+00 7.0070e+00 7.1198e+00
  82.5000 6.9354e+00 6.2213e+00 7.6618e+00 6.2235e+00 7.6597e+00 6.8795e+00 6.9906e+00
  82.7500 6.8103e+00 6.1086e+00 7.5218e+00 6.1108e+00 7.5198e+00 6.7552e+00 6.8638e+00
  83.0000 6.6877e+00 5.9983e+00 7.3859e+00 6.0005e+00 7.3840e+00 6.6334e+00 6.7404e+00
  83.2500 6.5667e+00 5.8898e+00 7.2526e+00 5.8919e+00 7.2506e+00 6.5140e+00 6.6186e+00
  83.5000 6.4490e+00 5.7845e+00 7.1217e+00 5.7865e+00 7.1198e+00 6.3972e+00 6.5000e+00
  83.7500 6.3338e+00 5.6808e+00 6.9932e+00 5.6828e+00 6.9914e+00 6.2828e+00 6.3832e+00
  84.0000 6.2202e+00 5.5789e+00 6.8682e+00 5.5808e+00 6.8663e+00 6.1708e+00 6.2696e+00
  84.2500 6.1091e+00 5.4793e+00 6.7447e+00 5.4812e+00 6.7428e+00 6.0606e+00 6.1577e+00
  84.5000 6.0013e+00 5.3822e+00 6.6244e+00 5.3841e+00 6.6227e+00 5.9528e+00 6.0482e+00
  84.7500 5.8943e+00 5.2868e+00 6.5067e+00 5.2886e+00 6.5050e+00 5.8474e+00 5.9404e+00
  85.0000 5.7898e+00 5.1930e+00 6.3907e+00 5.1948e+00 6.3890e+00 5.7437e+00 5.8359e+00
  85.2500 5.6878e+00 5.1017e+00 6.2770e+00 5.1034e+00 6.2754e+00 5.6425e+00 5.7322e+00
  85.5000 5.5873e+00 5.0112e+00 6.1660e+00 5.0129e+00 6.1643e+00 5.5429e+00 5.6318e+00
  85.7500 5.4894e+00 4.9231e+00 6.0572e+00 4.9248e+00 6.0556e+00 5.4458e+00 5.5322e+00
  86.0000 5.3931e+00 4.8368e+00 5.9502e+00 4.8384e+00 5.9486e+00 5.3503e+00 5.4351e+00
  86.2500 5.2993e+00 4.7529e+00 5.8457e+00 4.7545e+00 5.8441e+00 5.2573e+00 5.3404e+00
  86.5000 5.2071e+00 4.6697e+00 5.7436e+00 4.6714e+00 5.7421e+00 5.1651e+00 5.2474e+00
  86.7500 5.1166e+00 4.5883e+00 5.6431e+00 4.5899e+00 5.6417e+00 5.0754e+00 5.1561e+00
  87.0000 5.0277e+00 4.5085e+00 5.5444e+00 4.5100e+00 5.5429e+00 4.9874e+00 5.0664e+00
  87.2500 4.9405e+00 4.4303e+00 5.4480e+00 4.4318e+00 5.4466e+00 4.9010e+00 4.9783e+00
  87.5000 4.8549e+00 4.3538e+00 5.3534e+00 4.3553e+00 5.3520e+00 4.8162e+00 4.8927e+00
  87.7500 4.7717e+00 4.2790e+00 5.2603e+00 4.2804e+00 5.2590e+00 4.7339e+00 4.8080e+00
  88.0000 4.6894e+00 4.2049e+00 5.1698e+00 4.2063e+00 5.1684e+00 4.6524e+00 4.7257e+00
  88.2500 4.6088e+00 4.1334e+00 5.0809e+00 4.1348e+00 5.0796e+00 4.5726e+00 4.6442e+00
  88.5000 4.5298e+00 4.0626e+00 4.9936e+00 4.0640e+00 4.9923e+00 4.4944e+00 4.5644e+00
  88.7500 4.4524e+00 3.9927e+00 4.9080e+00 3.9940e+00 4.9067e+00 4.4170e+00 4.4870e+00
  89.0000 4.3767e+00 3.9244e+00 4.8232e+00 3.9257e+00 4.8220e+00 4.3422e+00 4.4105e+00
  89.2500 4.3026e+00 3.8578e+00 4.7409e+00 3.8590e+00 4.7397e+00 4.2689e+00 4.3356e+00
  89.5000 4.2294e+00 3.7928e+00 4.6602e+00 3.7940e+00 4.6590e+00 4.1965e+00 4.2615e+00
  89.7500 4.1578e+00 3.7277e+00 4.5812e+00 3.7290e+00 4.5800e+00 4.1249e+00 4.1899e+00
  90.0000 4.0878e+00 3.6652e+00 4.5037e+00 3.6665e+00 4.5026e+00 4.0557e+00 4.1183e+00
  90.2500 4.0187e+00 3.6036e+00 4.4272e+00 3.6047e+00 4.4261e+00 3.9874e+00 4.0492e+00
  90.5000 3.9512e+00 3.5426e+00 4.3523e+00 3.5438e+00 4.3512e+00 3.9200e+00 3.9809e+00
  90.7500 3.8846e+00 3.4835e+00 4.2791e+00 3.4846e+00 4.2779e+00 3.8549e+00 3.9142e+00
  91.0000 3.8195e+00 3.4250e+00 4.2075e+00 3.4261e+00 4.2063e+00 3.7899e+00 3.8492e+00
  91.2500 3.7562e+00 3.3674e+00 4.1367e+00 3.3685e+00 4.1356e+00 3.7265e+00 3.7850e+00
  91.5000 3.6936e+00 3.3115e+00 4.0675e+00 3.3126e+00 4.0664e+00 3.6648e+00 3.7216e+00
  91.7500 3.6319e+00 3.2564e+00 3.9992e+00 3.2574e+00 3.9981e+00 3.6039e+00 3.6599e+00
  92.0000 3.5718e+00 3.2021e+00 3.9333e+00 3.2031e+00 3.9323e+00 3.5438e+00 3.5990e+00
  92.2500 3.5126e+00 3.1494e+00 3.8675e+00 3.1504e+00 3.8664e+00 3.4854e+00 3.5397e+00
  92.5000 3.4550e+00 3.0976e+00 3.8032e+00 3.0986e+00 3.8023e+00 3.4278e+00 3.4805e+00
  92.7500 3.3973e+00 3.0466e+00 3.7407e+00 3.0476e+00 3.7397e+00 3.3718e+00 3.4237e+00
  93.0000 3.3422e+00 2.9964e+00 3.6789e+00 2.9974e+00 3.6780e+00 3.3159e+00 3.3669e+00
  93.2500 3.2871e+00 2.9470e+00 3.6180e+00 2.9480e+00 3.6171e+00 3.2616e+00 3.3117e+00
  93.5000 3.2336e+00 2.8985e+00 3.5587e+00 2.8994e+00 3.5578e+00 3.2089e+00 3.2574e+00
  93.7500 3.1809e+00 2.8516e+00 3.5003e+00 2.8525e+00 3.4994e+00 3.1562e+00 3.2048e+00
  94.0000 3.1290e+00 2.8047e+00 3.4426e+00 2.8056e+00 3.4418e+00 3.1044e+00 3.1521e+00
  94.2500 3.0780e+00 2.7594e+00 3.3867e+00 2.7603e+00 3.3858e+00 3.0541e+00 3.1011e+00
  94.5000 3.0278e+00 2.7142e+00 3.3316e+00 2.7151e+00 3.3307e+00 3.0048e+00 3.0509e+00
  94.7500 2.9784e+00 2.6707e+00 3.2772e+00 2.6715e+00 3.2764e+00 2.9562e+00 3.0015e+00
  95.0000 2.9307e+00 2.6270e+00 3.2245e+00 2.6278e+00 3.2237e+00 2.9085e+00 2.9529e+00
  95.2500 2.8838e+00 2.5850e+00 3.1718e+00 2.5859e+00 3.1710e+00 2.8616e+00 2.9052e+00
  95.5000 2.8369e+00 2.5431e+00 3.1208e+00 2.5439e+00 3.1200e+00 2.8155e+00 2.8583e+00
  95.7500 2.7916e+00 2.5028e+00 3.0705e+00 2.5036e+00 3.0698e+00 2.7702e+00 2.8122e+00
  96.0000 2.7472e+00 2.4624e+00 3.0212e+00 2.4632e+00 3.0204e+00 2.7258e+00 2.7677e+00
  96.2500 2.7027e+00 2.4230e+00 2.9726e+00 2.4237e+00 2.9718e+00 2.6822e+00 2.7233e+00
  96.5000 2.6599e+00 2.3843e+00 2.9249e+00 2.3851e+00 2.9241e+00 2.6394e+00 2.6797e+00
  96.7500 2.6171e+00 2.3465e+00 2.8780e+00 2.3472e+00 2.8772e+00 2.5974e+00 2.6369e+00
  97.0000 2.5760e+00 2.3086e+00 2.8318e+00 2.3093e+00 2.8311e+00 2.5562e+00 2.5949e+00
  97.2500 2.5348e+00 2.2724e+00 2.7874e+00 2.2731e+00 2.7867e+00 2.5159e+00 2.5538e+00
  97.5000 2.4945e+00 2.2362e+00 2.7430e+00 2.2369e+00 2.7422e+00 2.4756e+00 2.5134e+00
  97.7500 2.4558e+00 2.2008e+00 2.6993e+00 2.2015e+00 2.6986e+00 2.4369e+00 2.4739e+00
  98.0000 2.4171e+00 2.1662e+00 2.6564e+00 2.1670e+00 2.6558e+00 2.3982e+00 2.4344e+00
  98.2500 2.3785e+00 2.1318e+00 2.6145e+00 2.1324e+00 2.6139e+00 2.3612e+00 2.3966e+00
  98.5000 2.3414e+00 2.0989e+00 2.5733e+00 2.0995e+00 2.5727e+00 2.3241e+00 2.3587e+00
  98.7500 2.3044e+00 2.0659e+00 2.5330e+00 2.0665e+00 2.5324e+00 2.2871e+00 2.3217e+00
  99.0000 2.2690e+00 2.0330e+00 2.4935e+00 2.0336e+00 2.4929e+00 2.2517e+00 2.2855e+00
  99.2500 2.2336e+00 2.0017e+00 2.4540e+00 2.0024e+00 2.4534e+00 2.2163e+00 2.2501e+00
  99.5000 2.1991e+00 1.9704e+00 2.4161e+00 1.9711e+00 2.4155e+00 2.1818e+00 2.2147e+00
  99.7500 2.1645e+00 1.9400e+00 2.3783e+00 1.9406e+00 2.3777e+00 2.1480e+00 2.1810e+00
 100.0000 2.1307e+00 1.9096e+00 2.3412e+00 1.9102e+00 2.3406e+00 2.1151e+00 2.1464e+00